213
454
463
497
338
387
536
748
788
836
318
713
955
466
116
421
795
431
480
965
476
593
407
92
468
236
597
375
331
384
552
649
185
534
139
146
273
553
337
141
486
174
437
301
975
343
156
878
860
703
651
803
104
365
823
986
851
871
546
756
605
102
208
380
665
163
922
253
758
547
601
925
223
110
760
993
541
271
317
950
198
951
185
89
679
411
304
740
671
250
221
147
924
849
233
7
236
859
516
700
72
629
214
548
830
847
875
787
137
336
669
424
416
579
62
324
310
100
839
691
55
829
105
763
636
610
770
287
1
514
18
852
743
850
755
939
3
533
389
719
150
338
737
973
777
806
465
282
177
846
35
969
523
510
418
57
723
420
103
955
522
283
267
249
430
729
658
954
326
569
882
949
374
558
351
734
801
562
376
289
916
945
931
563
96
965
496
792
43
689
11
616
37
978
278
908
116
34
712
666
714
707
600
391
25
619
537
641
704
799
265
36
386
876
173
674
209
774
531
269
603
615
564
218
192
183
672
857
201
178
891
961
331
298
481
484
20
353
17
28
920
567
942
996
114
573
715
621
213
113
312
46
275
307
157
980
887
902
263
804
436
604
701
300
359
962
581
918
15
138
748
191
254
657
934
215
812
520
369
815
670
294
130
115
344
989
642
881
135
59
350
448
639
793
127
862
966
505
589
323
461
867
30
293
393
532
222
596
495
139
56
82
519
297
753
442
459
718
174
936
622
479
340
84
535
204
388
308
5
825
107
690
832
53
136
333
574
913
886
413
123
277
967
977
946
673
509
281
195
106
561
217
699
941
556
29
193
630
645
507
97
117
635
186
149
306
212
710
821
358
933
620
402
504
81
161
566
142
66
339
655
864
237
184
240
469
692
52
216
953
412
31
575
51
912
790
356
647
248
146
153
660
13
518
141
126
227
919
220
557
197
976
958
203
618
474
985
151
800
809
363
258
540
124
80
971
349
313
927
590
172
189
229
385
314
21
322
542
305
252
341
111
67
330
88
895
880
375
762
766
990
905
162
594
720
598
483
10
490
988
432
711
769
944
187
930
739
957
148
443
246
327
926
77
844
347
517
205
279
261
440
638
170
24
129
321
702
372
761
820
9
171
643
652
987
863
842
274
678
61
624
44
491
644
937
70
328
45
773
795
397
244
983
914
348
952
521
473
778
140
75
571
502
885
909
550
230
99
896
626
780
493
929
513
175
785
438
354
828
854
593
23
628
447
309
494
503
779
451
224
682
260
449
360
22
917
613
724
694
512
403
534
290
586
733
688
399
640
284
476
296
597
257
587
841
750
169
771
684
434
26
406
47
1000
255
389
813
953
667
891
380
59
50
692
427
913
787
197
165
576
443
816
610
719
420
990
488
336
600
957
774
416
290
43
169
294
718
647
462
475
247
186
805
754
253
142
611
757
51
469
931
676
257
675
598
633
616
927
238
582
441
734
745
618
293
736
917
970
18
361
924
68
56
4
460
555
672
348
693
405
764
205
644
806
209
613
2
798
947
5
993
823
40
249
270
496
81
997
87
533
91
687
975
578
320
934
425
38
645
939
452
684
589
351
448
259
789
812
108
930
782
562
65
398
881
30
313
187
258
560
423
122
391
74
6
871
435
115
100
344
967
537
219
304
604
490
587
498
978
134
275
954
572
317
408
640
438
866
196
248
923
749
350
666
58
366
118
704
841
463
937
893
378
778
365
828
207
830
542
963
523
451
369
217
655
422
985
584
790
368
147
969
287
637
190
916
393
944
750
126
815
140
308
520
69
583
971
986
567
93
821
906
19
328
877
723
250
609
958
243
739
711
298
861
822
220
137
314
9
599
546
176
510
857
708
285
402
869
513
880
836
737
635
457
95
741
289
650
396
995
10
245
531
698
15
278
204
648
53
113
64
621
658
479
898
85
149
299
594
526
585
554
316
374
943
449
792
827
403
825
848
502
262
194
228
386
605
297
121
908
803
14
862
159
99
359
740
439
835
410
617
450
322
306
670
180
310
528
824
428
96
641
127
232
333
326
400
203
696
946
662
728
321
959
445
801
766
691
97
49
52
669
925
810
540
525
268
888
106
903
762
158
305
733
838
922
66
181
360
46
138
942
558
794
843
264
241
743
385
977
334
383
951
246
193
218
200
13
432
656
233
107
628
901
896
725
731
781
519
494
151
341
870
473
569
697
574
276
183
363
638
482
133
571
55
847
214
455
802
406
972
839
47
104
940
456
768
935
772
208
933
288
329
117
776
103
550
467
33
769
144
281
713
356
625
980
478
751
652
688
882
620
814
503
471
195
987
683
721
591
777
327
845
885
515
701
160
624
689
172
899
226
919
86
340
530
339
464
98
928
732
78
315
188
608
529
36
664
577
979
541
63
902
615
507
564
436
759
130
346
260
602
94
79
956
950
240
568
330
283
154
756
699
904
489
399
679
914
150
818
631
358
354
992
225
907
505
886
72
706
277
883
538
54
286
493
771
897
738
112
760
131
915
588
171
89
11
135
865
752
291
705
918
811
799
826
715
499
677
23
414
110
265
143
376
44
855
3
544
807
25
858
854
82
981
837
573
686
17
634
630
900
266
714
949
73
229
210
808
859
545
784
483
26
563
614
889
292
71
412
295
75
665
716
153
761
642
279
682
892
252
312
654
707
192
234
136
974
433
319
198
920
586
596
211
362
952
242
695
842
639
961
352
663
991
820
626
491
434
280
690
57
105
727
148
269
702
22
189
998
786
325
860
506
864
371
999
307
342
720
730
581
612
223
504
67
556
623
601
102
603
819
850
32
873
938
717
657
785
606
29
379
1
42
518
735
512
184
484
549
909
300
960
595
846
517
353
726
651
763
381
230
401
364
607
678
417
77
21
377
964
780
390
590
905
791
382
440
875
28
125
832
976
579
636
653
191
446
168
797
267
271
575
175
746
559
948
547
543
472
629
395
765
742
123
430
76
551
37
867
80
646
753
397
212
495
48
994
793
284
41
627
694
409
852
983
712
853
302
660
84
470
485
668
254
982
911
411
163
522
796
323
39
680
221
932
16
516
511
709
509
895
989
119
303
659
580
800
968
88
487
868
788
910
722
685
724
863
224
681
532
984
206
388
370
343
347
202
109
929
477
548
527
535
936
804
296
311
876
492
155
415
962
70
673
988
199
458
161
444
729
878
849
442
700
90
177
945
424
83
413
7
872
101
372
921
912
132
251
926
770
8
508
309
201
539
561
758
501
833
453
557
622
120
879
619
45
500
129
829
128
461
447
61
244
941
783
817
274
179
703
887
164
324
215
239
345
775
643
162
404
31
227
747
419
216
256
60
874
755
272
831
767
156
367
890
465
145
856
170
394
996
357
178
779
592
521
566
222
24
182
429
282
671
474
661
35
332
565
34
570
173
152
710
514
834
114
744
840
773
481
157
235
851
335
973
844
237
263
166
373
392
231
111
62
12
124
27
884
261
809
894
418
632
349
536
355
674
966
167
318
20
524
426
459
1000
555
38
515
999
320
457
675
54
427
234
814
943
159
8
405
73
617
964
599
921
303
653
368
433
789
650
400
78
578
654
870
633
352
529
765
119
158
311
709
752
570
726
508
468
685
948
428
865
900
698
727
256
98
884
906
656
458
970
872
160
188
64
6
379
255
528
475
231
382
423
477
741
226
335
470
164
826
697
199
648
959
742
268
288
109
206
272
207
722
683
649
415
659
488
822
381
180
112
342
588
668
744
817
910
316
219
395
404
551
166
492
145
122
595
487
108
19
904
446
93
392
843
818
464
482
247
280
544
431
915
498
759
738
471
58
775
897
499
276
264
422
816
228
87
101
407
725
435
824
210
798
960
611
982
681
409
524
345
121
676
805
134
591
245
853
845
687
390
225
243
419
783
923
429
899
568
736
747
549
768
784
745
266
196
772
808
346
869
286
786
143
355
480
128
417
901
387
802
984
485
497
202
466
932
384
235
525
730
938
686
728
378
631
607
576
273
580
95
527
301
450
991
560
71
334
888
827
928
855
693
511
33
125
776
176
968
796
377
133
538
315
2
530
526
332
754
94
179
911
364
295
974
90
299
408
614
437
367
152
414
767
861
835
85
39
559
696
903
543
501
410
194
890
708
585
627
50
995
40
797
241
877
731
83
42
972
592
259
445
539
831
898
625
118
251
757
506
705
181
329
132
554
646
16
807
12
398
840
606
764
74
239
677
735
319
848
866
167
667
810
86
583
721
879
963
144
577
452
60
858
211
292
893
4
706
632
956
584
120
819
663
467
456
155
366
873
637
370
76
664
455
361
154
460
717
883
91
751
889
486
833
716
992
623
426
383
500
48
935
838
634
421
608
462
947
373
291
749
732
981
232
401
662
441
238
602
200
940
453
545
190
979
695
357
746
396
270
439
997
609
394
131
582
791
994
362
907
63
285
14
552
165
894
572
32
794
680
65
781
242
892
49
472
262
874
998
79
68
834
553
69
182
325
782
444
302
41
489
811
371
478
661
837
856
868
454
425
168
813
92
565
337
27
612
