463
536
788
836
318
713
975
343
156
878
860
703
651
803
104
365
823
986
851
871
546
756
605
102
208
380
665
163
922
253
758
547
601
925
223
110
760
993
541
271
317
950
198
951
185
89
679
411
304
740
671
250
221
147
924
849
233
7
236
859
516
700
72
629
214
548
830
847
875
787
137
336
669
424
416
579
62
324
310
100
839
691
55
829
105
763
636
610
770
287
1
514
18
852
743
850
755
939
3
533
389
719
150
338
737
973
777
806
465
282
177
846
35
969
523
510
418
57
723
420
103
955
522
283
267
249
430
729
658
954
326
569
882
949
374
558
351
734
801
562
376
289
916
945
931
563
96
965
496
792
43
689
11
616
37
978
278
908
116
34
712
666
714
707
600
391
25
619
537
641
704
799
265
36
386
876
173
674
209
774
531
269
603
615
564
218
192
183
672
857
201
178
891
961
331
298
481
484
20
353
17
28
920
567
942
996
114
573
715
621
213
113
312
46
275
307
157
980
887
902
263
804
436
604
701
300
359
962
581
918
15
138
748
191
254
657
934
215
812
520
369
815
670
294
130
115
344
989
642
881
135
59
350
448
639
793
127
862
966
505
589
323
461
867
30
293
393
532
222
596
495
139
56
82
519
297
753
442
459
718
174
936
622
479
340
84
535
204
388
308
5
825
107
690
832
53
136
333
574
913
886
413
123
277
967
977
946
673
509
281
195
106
561
217
699
941
556
29
193
630
645
507
97
117
635
186
149
306
212
710
821
358
933
620
402
504
81
161
566
142
66
339
655
864
237
184
240
469
692
52
216
953
412
31
575
51
912
790
356
647
248
146
153
660
13
518
141
126
227
919
220
557
197
976
958
203
618
474
985
151
800
809
363
258
540
124
80
971
349
313
927
590
172
189
229
385
314
21
322
542
305
252
341
111
67
330
88
895
880
375
762
766
990
905
162
594
720
598
483
10
490
988
432
711
769
944
187
930
739
957
148
443
246
327
926
77
844
347
517
205
279
261
440
638
170
24
129
321
702
372
761
820
9
171
643
652
987
863
842
274
678
61
624
44
491
644
937
70
328
45
773
795
397
244
983
914
348
952
521
473
778
140
75
571
502
885
909
550
230
99
896
626
780
493
929
513
175
785
438
354
828
854
593
23
628
447
309
494
503
779
451
224
682
260
449
360
22
917
613
724
694
512
403
534
290
586
733
688
399
640
284
476
296
597
257
587
841
750
169
771
684
434
26
406
47
1000
555
38
515
999
320
457
675
54
427
234
814
943
159
8
405
73
617
964
599
921
303
653
368
433
789
650
400
78
578
654
870
633
352
529
765
119
158
311
709
752
570
726
508
468
685
948
428
865
900
698
727
256
98
884
906
656
458
970
872
160
188
64
6
379
255
528
475
231
382
423
477
741
226
335
470
164
826
697
199
648
959
742
268
288
109
206
272
207
722
683
649
415
659
488
822
381
180
112
342
588
668
744
817
910
316
219
395
404
551
166
492
145
122
595
487
108
19
904
446
93
392
843
818
464
482
247
280
544
431
915
498
759
738
471
58
775
897
499
276
264
422
816
228
87
101
407
725
435
824
210
798
960
611
982
681
409
524
345
121
676
805
134
591
245
853
845
687
390
225
243
419
783
923
429
899
568
736
747
549
768
784
745
266
196
772
808
346
869
286
786
143
355
480
128
417
901
387
802
984
485
497
202
466
932
384
235
525
730
938
686
728
378
631
607
576
273
580
95
527
301
450
991
560
71
334
888
827
928
855
693
511
33
125
776
176
968
796
377
133
538
315
2
530
526
332
754
94
179
911
364
295
974
90
299
408
614
437
367
152
414
767
861
835
85
39
559
696
903
543
501
410
194
890
708
585
627
50
995
40
797
241
877
731
83
42
972
592
259
445
539
831
898
625
118
251
757
506
705
181
329
132
554
646
16
807
12
398
840
606
764
74
239
677
735
319
848
866
167
667
810
86
583
721
879
963
144
577
452
60
858
211
292
893
4
706
632
956
584
120
819
663
467
456
155
366
873
637
370
76
664
455
361
154
460
717
883
91
751
889
486
833
716
992
623
426
383
500
48
935
838
634
421
608
462
947
373
291
749
732
981
232
401
662
441
238
602
200
940
453
545
190
979
695
357
746
396
270
439
997
609
394
131
582
791
994
362
907
63
285
14
552
165
894
572
32
794
680
65
781
242
892
49
472
262
874
998
79
68
834
553
69
182
325
782
444
302
41
489
811
371
478
661
837
856
868
454
425
168
813
92
565
337
27
612
