213
454
497
338
387
748
955
466
116
421
795
431
480
965
476
593
407
92
468
236
597
375
331
384
552
649
185
534
139
146
273
553
337
141
486
174
437
301
1000
255
389
813
953
667
891
380
59
50
692
427
913
787
197
165
576
443
816
610
719
420
990
488
336
600
957
774
416
290
43
169
294
718
647
462
475
247
186
805
754
253
142
611
757
51
469
931
676
257
675
598
633
616
927
238
582
441
734
745
618
293
736
917
970
18
361
924
68
56
4
460
555
672
348
693
405
764
205
644
806
209
613
2
798
947
5
993
823
40
249
270
496
81
997
87
533
91
687
975
578
320
934
425
38
645
939
452
684
589
351
448
259
789
812
108
930
782
562
65
398
881
30
313
187
258
560
423
122
391
74
6
871
435
115
100
344
967
537
219
304
604
490
587
498
978
134
275
954
572
317
408
640
438
866
196
248
923
749
350
666
58
366
118
704
841
463
937
893
378
778
365
828
207
830
542
963
523
451
369
217
655
422
985
584
790
368
147
969
287
637
190
916
393
944
750
126
815
140
308
520
69
583
971
986
567
93
821
906
19
328
877
723
250
609
958
243
739
711
298
861
822
220
137
314
9
599
546
176
510
857
708
285
402
869
513
880
836
737
635
457
95
741
289
650
396
995
10
245
531
698
15
278
204
648
53
113
64
621
658
479
898
85
149
299
594
526
585
554
316
374
943
449
792
827
403
825
848
502
262
194
228
386
605
297
121
908
803
14
862
159
99
359
740
439
835
410
617
450
322
306
670
180
310
528
824
428
96
641
127
232
333
326
400
203
696
946
662
728
321
959
445
801
766
691
97
49
52
669
925
810
540
525
268
888
106
903
762
158
305
733
838
922
66
181
360
46
138
942
558
794
843
264
241
743
385
977
334
383
951
246
193
218
200
13
432
656
233
107
628
901
896
725
731
781
519
494
151
341
870
473
569
697
574
276
183
363
638
482
133
571
55
847
214
455
802
406
972
839
47
104
940
456
768
935
772
208
933
288
329
117
776
103
550
467
33
769
144
281
713
356
625
980
478
751
652
688
882
620
814
503
471
195
987
683
721
591
777
327
845
885
515
701
160
624
689
172
899
226
919
86
340
530
339
464
98
928
732
78
315
188
608
529
36
664
577
979
541
63
902
615
507
564
436
759
130
346
260
602
94
79
956
950
240
568
330
283
154
756
699
904
489
399
679
914
150
818
631
358
354
992
225
907
505
886
72
706
277
883
538
54
286
493
771
897
738
112
760
131
915
588
171
89
11
135
865
752
291
705
918
811
799
826
715
499
677
23
414
110
265
143
376
44
855
3
544
807
25
858
854
82
981
837
573
686
17
634
630
900
266
714
949
73
229
210
808
859
545
784
483
26
563
614
889
292
71
412
295
75
665
716
153
761
642
279
682
892
252
312
654
707
192
234
136
974
433
319
198
920
586
596
211
362
952
242
695
842
639
961
352
663
991
820
626
491
434
280
690
57
105
727
148
269
702
22
189
998
786
325
860
506
864
371
999
307
342
720
730
581
612
223
504
67
556
623
601
102
603
819
850
32
873
938
717
657
785
606
29
379
1
42
518
735
512
184
484
549
909
300
960
595
846
517
353
726
651
763
381
230
401
364
607
678
417
77
21
377
964
780
390
590
905
791
382
440
875
28
125
832
976
579
636
653
191
446
168
797
267
271
575
175
746
559
948
547
543
472
629
395
765
742
123
430
76
551
37
867
80
646
753
397
212
495
48
994
793
284
41
627
694
409
852
983
712
853
302
660
84
470
485
668
254
982
911
411
163
522
796
323
39
680
221
932
16
516
511
709
509
895
989
119
303
659
580
800
968
88
487
868
788
910
722
685
724
863
224
681
532
984
206
388
370
343
347
202
109
929
477
548
527
535
936
804
296
311
876
492
155
415
962
70
673
988
199
458
161
444
729
878
849
442
700
90
177
945
424
83
413
7
872
101
372
921
912
132
251
926
770
8
508
309
201
539
561
758
501
833
453
557
622
120
879
619
45
500
129
829
128
461
447
61
244
941
783
817
274
179
703
887
164
324
215
239
345
775
643
162
404
31
227
747
419
216
256
60
874
755
272
831
767
156
367
890
465
145
856
170
394
996
357
178
779
592
521
566
222
24
182
429
282
671
474
661
35
332
565
34
570
173
152
710
514
834
114
744
840
773
481
157
235
851
335
973
844
237
263
166
373
392
231
111
62
12
124
27
884
261
809
894
418
632
349
536
355
674
966
167
318
20
524
426
459
